8
11
50
69
39
70
27
19
18
25
46
30
72
44
85
63
17
23
73
35
97
5
22
20
39
54
20
3
31
97
10
49
12
73
61
54
23
92
3
53
44
29
60
35
94
20
7
20
89
11
4
67
29
62
97
1
48
63
19
79
87
65
51
38
11
15
55
13
53
15
86
34
79
83
31
67
9
29
48
3
82
46
75
25
19
14
40
74
48
52
63
14
36
21
16
93
45
40
9
29
42
37
39
38
61
60
96
44
49
65
83
52
86
3
12
58
57
10
69
70
4
86
68
11
32
75
57
68
12
73
6
58
100
73
21
62
63
36
27
45
33
44
43
47
16
7
5
100
11
28
84
30
32
16
37
4
49
6
38
100
99
40
93
35
63
49
45
73
91
86
53
22
99
79
22
19
59
84
58
91
19
62
24
52
4
40
74
64
54
50
36
94
84
33
42
9
100
25
78
61
57
94
41
59
62
76
61
90
92
44
41
93
32
53
69
33
79
52
19
61
74
19
9
2
13
75
63
64
89
19
14
48
9
79
82
94
71
69
91
61
40
14
99
22
8
57
86
90
31
91
2
12
66
72
87
63
93
35
79
68
47
31
80
14
25
55
4
18
36
61
52
19
50
71
83
63
2
40
25
98
23
35
68
30
79
3
76
97
49
6
83
4
79
65
44
56
72
14
17
26
82
48
52
53
68
50
81
14
21
97
26
85
87
97
38
47
61
83
95
61
80
47
23
21
88
73
56
17
93
65
99
31
61
10
66
92
40
10
29
44
14
95
41
44
66
85
81
55
36
53
66
76
22
21
90
34
94
100
32
84
84
78
59
65
48
47
45
9
57
10
5
6
71
32
57
72
97
5
88
49
66
41
5
24
83
94
55
16
5
89
44
29
31
29
31
71
50
96
36
55
82
35
59
60
48
99
81
61
92
92
6
2
60
80
53
89
24
70
14
73
33
17
35
25
54
68
80
56
60
14
31
35
84
45
74
89
83
94
83
28
47
52
58
83
58
67
95
4
51
35
70
51
100
26
91
39
79
27
46
4
30
70
23
89
100
60
4
90
37
90
13
30
94
44
48
9
15
71
78
18
33
45
23
4
56
41
49
75
46
50
79
61
90
15
55
56
59
77
97
79
11
61
56
21
39
77
32
41
45
25
94
30
19
43
40
52
75
67
22
100
16
33
8
23
3
3
13
51
34
100
15
28
47
46
54
54
94
17
86
43
15
43
51
24
35
13
83
17
17
58
79
45
87
40
88
6
13
28
46
53
79
22
3
8
84
64
7
88
72
77
74
67
71
84
44
78
31
1
6
64
5
12
37
75
15
28
28
19
42
8
45
79
32
37
92
30
38
76
31
87
25
8
36
52
55
48
70
44
77
90
84
63
48
94
66
36
70
46
39
90
69
37
81
53
55
5
27
60
14
9
79
58
51
56
74
44
41
23
98
31
39
54
83
99
49
63
20
60
10
73
1
84
27
52
8
76
85
80
65
97
11
20
56
41
54
44
52
90
55
95
20
17
27
85
82
64
85
35
43
3
70
27
51
7
70
70
20
41
55
33
65
4
40
74
39
56
84
94
92
23
14
96
65
26
54
8
38
35
31
4
37
41
94
5
36
13
34
81
90
50
46
63
32
39
9
21
5
60
66
27
51
5
43
70
37
32
33
29
19
81
34
35
50
47
19
55
4
95
39
44
51
56
45
2
64
93
87
67
54
26
5
6
52
99
49
8
20
75
98
98
6
31
34
17
16
98
90
76
7
73
99
79
45
93
90
71
94
36
49
41
78
37
17
70
8
24
1
38
42
91
6
11
70
81
56
46
88
42
72
89
55
91
69
95
22
75
92
62
63
2
62
45
8
11
2
30
91
93
50
86
23
92
52
98
49
14
74
13
13
37
21
57
46
30
89
23
93
95
100
81
83
62
91
4
54
37
63
48
7
11
49
16
70
77
9
70
67
77
9
94
50
78
90
78
41
78
29
41
7
11
15
30
88
17
22
28
9
60
27
59
100
69
51
50
22
99
3
1
23
75
96
32
33
3
36
4
64
45
22
43
55
4
25
41
39
59
55
65
23
52
17
34
18
17
45
69
50
50
38
8
99
25
52
26
61
47
39
96
8
17
66
4
81
45
65
18
34
48
25
76
20
27
22
37
11
55
26
86
29
100
24
4
99
23
28
95
34
32
15
57
41
40
12
74
90
79
31
74
69
80
18
97
82
98
26
80
76
3
7
78
40
34
47
47
39
36
17
11
26
86
