64
88
19
98
16
22
92
20
18
74
66
67
52
32
56
58
13
45
68
63
100
52
74
41
6
47
31
22
97
29
74
14
87
62
93
53
75
54
79
90
21
8
66
34
70
80
44
61
32
56
2
37
58
69
76
7
99
31
70
5
38
90
4
98
57
59
29
44
12
2
3
69
29
1
56
74
37
37
14
64
17
2
30
8
48
24
72
8
57
70
10
64
23
6
62
37
32
7
97
17
49
16
24
74
78
91
36
35
78
2
52
31
15
54
75
86
68
28
30
71
39
46
66
51
85
24
81
83
56
33
85
44
22
77
74
32
3
7
45
87
76
49
3
26
94
4
2
83
37
95
60
42
58
78
72
86
82
24
69
4
76
63
80
66
18
63
59
96
54
35
21
12
52
77
15
19
10
41
69
3
18
67
96
54
58
60
92
73
2
99
98
2
17
77
52
86
37
91
85
2
95
3
88
73
22
38
91
95
40
72
11
79
55
64
45
70
92
3
53
84
21
67
84
7
77
38
69
15
63
83
40
16
41
43
95
1
57
3
35
99
84
18
22
18
69
6
74
25
92
84
72
100
10
67
62
47
7
29
59
52
87
15
60
91
95
85
41
95
61
88
48
50
11
59
88
50
48
83
85
88
17
25
22
36
57
90
69
38
37
84
88
43
21
78
42
44
69
54
16
18
83
84
98
78
11
63
22
22
83
82
84
12
99
25
80
69
97
16
85
96
50
13
39
73
25
17
47
16
67
35
14
66
8
62
90
81
9
25
33
57
45
49
52
85
94
51
55
7
88
87
95
52
33
39
14
28
2
36
44
59
49
8
70
38
88
38
55
40
31
54
34
15
97
25
63
29
74
89
56
58
17
32
6
54
38
73
48
27
42
98
70
81
23
98
41
5
63
64
43
75
23
43
48
12
74
52
73
11
92
61
67
18
13
21
52
37
85
56
66
64
26
29
91
21
15
31
11
6
13
85
83
34
28
35
1
14
63
78
35
52
43
8
7
96
65
76
57
80
71
4
79
13
100
38
62
78
1
99
55
47
98
97
14
69
80
45
15
25
53
69
90
79
19
63
24
69
18
77
73
50
91
34
7
76
26
30
13
17
39
75
23
42
19
64
18
38
21
55
75
59
69
52
8
47
55
56
73
66
86
94
99
30
32
18
32
43
88
4
40
52
47
10
8
41
48
39
12
34
79
25
79
45
56
55
75
16
71
38
39
45
58
20
38
71
80
56
21
42
15
27
53
84
12
66
7
26
7
69
33
64
64
47
96
51
31
63
67
97
22
66
95
1
91
18
47
86
20
60
94
82
11
88
34
30
91
91
93
90
24
3
62
18
11
65
85
10
69
99
81
3
45
93
71
92
1
56
86
80
64
14
17
27
59
97
91
50
90
41
37
75
30
60
26
51
44
21
30
9
90
22
11
89
89
62
42
74
1
88
37
96
6
56
14
80
49
61
22
63
18
41
85
8
73
100
86
47
6
20
29
15
74
92
8
55
45
5
24
66
63
41
70
98
52
96
58
69
26
86
68
45
74
35
38
65
81
82
7
53
25
50
35
71
29
81
56
45
90
59
9
36
76
17
18
8
21
6
82
47
1
37
53
34
62
86
97
11
36
16
56
4
65
52
10
26
12
70
12
76
68
23
87
33
15
12
32
96
87
47
69
90
92
65
57
31
67
3
93
63
18
84
41
40
24
37
41
57
30
5
28
88
3
93
30
33
60
74
25
48
16
68
23
77
92
72
25
48
83
13
17
38
31
41
5
43
57
88
46
81
92
92
22
50
25
46
84
12
71
93
52
21
9
22
45
52
61
100
5
90
30
100
65
41
18
91
27
60
34
5
23
82
36
96
86
90
22
13
91
74
84
24
90
23
58
67
100
47
24
25
57
70
22
20
64
3
70
48
96
38
73
62
64
11
53
67
11
35
31
95
72
87
47
31
67
96
88
65
33
74
21
76
17
1
12
36
95
87
25
37
9
87
74
98
20
23
71
77
58
19
69
80
13
62
87
83
100
48
24
23
56
28
95
45
73
52
60
85
28
70
26
65
20
93
57
2
20
13
6
38
56
33
79
86
90
63
23
84
77
37
87
25
98
8
50
54
42
5
60
64
30
67
51
98
8
100
41
99
45
93
59
58
40
72
49
61
83
15
57
58
99
79
94
67
84
77
42
41
45
95
66
92
35
80
23
4
35
90
1
23
35
12
83
44
37
46
78
26
73
81
46
31
70
50
15
54
57
48
9
39
23
49
